[gd_scene format=3 uid="uid://c446u8dav2dnv"]

[ext_resource type="Script" uid="uid://dpeoqhvxehnv7" path="res://Level/level.gd" id="1_52x1o"]
[ext_resource type="Script" uid="uid://c0bq257vib83j" path="res://Level/star.gd" id="1_jglls"]
[ext_resource type="PackedScene" uid="uid://1qqcaerm06c7" path="res://Objects/Crystal/cristal.tscn" id="2_e6b4q"]
[ext_resource type="Script" uid="uid://8pks5lg5crwq" path="res://Level/level_end.gd" id="2_iincs"]
[ext_resource type="Script" uid="uid://dm1nvh7d4k27x" path="res://Level/space_bg.gd" id="3_7a20f"]
[ext_resource type="PackedScene" uid="uid://bao2jybtf0idi" path="res://MainMenu/win.tscn" id="3_nk1il"]
[ext_resource type="PackedScene" uid="uid://c6mo1qdt786aw" path="res://Objects/Planet/planet.tscn" id="6_q47le"]
[ext_resource type="PackedScene" uid="uid://cmcwrxxhrlkj3" path="res://Objects/Base/Base.tscn" id="7_d6qko"]
[ext_resource type="Script" uid="uid://c4pkp6t5soa0b" path="res://Level/enemy_respawn.gd" id="8_i5g78"]
[ext_resource type="PackedScene" uid="uid://wlwqk6cwxjmn" path="res://Objects/Crystal/CristalTypes/cristal_lua.tscn" id="8_wqlfs"]
[ext_resource type="PackedScene" uid="uid://b1n61jmdup3bb" path="res://Objects/Crystal/CristalTypes/cristal_pas.tscn" id="9_py82k"]
[ext_resource type="PackedScene" uid="uid://cdyvodqui4521" path="res://Objects/Crystal/CristalTypes/cristal_py.tscn" id="10_py82k"]
[ext_resource type="PackedScene" uid="uid://bclhb4dyt4q6o" path="res://Ship/EnemyShip/base_enemy_ship.tscn" id="11_1teg4"]

[sub_resource type="SphereMesh" id="SphereMesh_7dm0k"]

[sub_resource type="Curve" id="Curve_0xm2m"]
_data = [Vector2(0.2021605, 0.98771554), 0.0, 0.0, 0, 0, Vector2(0.50271004, 0.15240419), 0.0, 0.0, 0, 0, Vector2(0.8657407, 1), 0.0, 0.0, 0, 0]
point_count = 3

[sub_resource type="CurveTexture" id="CurveTexture_h2yge"]
texture_mode = 1
curve = SubResource("Curve_0xm2m")

[sub_resource type="StandardMaterial3D" id="StandardMaterial3D_0xm2m"]
shading_mode = 0
albedo_color = Color(0.31398752, 0.70897424, 0.6122957, 1)

[sub_resource type="StandardMaterial3D" id="StandardMaterial3D_h2yge"]
albedo_color = Color(0.25278595, 0.10047678, 0.013183145, 1)

[sub_resource type="SphereShape3D" id="SphereShape3D_iincs"]

[sub_resource type="PlaneMesh" id="PlaneMesh_ig7tw"]

[sub_resource type="Shader" id="Shader_0xm2m"]
code = "shader_type spatial;
render_mode blend_mix, depth_draw_opaque, cull_back, diffuse_burley, specular_schlick_ggx, unshaded;

uniform vec4 albedo : source_color;
uniform float scale=100.0;
uniform vec2 stars[12];
uniform vec3 stars_color[12];
uniform int stars_ani[12];
void vertex() {
}

void fragment() {
	vec2 pos = (UV-vec2(0.5,0.5))*scale*2.0;
	ALBEDO = albedo.rgb;
	float far_l=0.0;
	for(int id=0;id<12;id++){
		vec2 star=stars[id];
		float dist=length(pos-star);
		if(dist<3.0){
			if (stars_ani[id]==0){
				float l=(3.0-dist)/3.0;
				float f=(0.8+0.2*sin(TIME+l*10.0));
				ALBEDO += l*stars_color[id]*f;
				
			}
			else{
				float l=(3.0-dist)/3.0;
				float f=(0.5+0.5*sin(TIME+l*10.0))*(0.5+0.5*sin(TIME*0.4));
				ALBEDO += l*stars_color[id]*f*f*2.0;
			}
			
		}
		far_l+=1.0/(1.0+dist*dist);
	}
	ALBEDO += vec3(1.0+0.1*sin(pos.x),1.0+0.1*sin(pos.y),1.0)*min(far_l,0.1)*1.3;
	
}
"

[sub_resource type="ShaderMaterial" id="ShaderMaterial_h2yge"]
render_priority = 0
shader = SubResource("Shader_0xm2m")
shader_parameter/albedo = Color(0.08627451, 0.08627451, 0.11372549, 1)
shader_parameter/scale = 100.0
shader_parameter/stars = PackedVector2Array(-0.2955556, 5.8263283, -5.2654057, 4.834378, 3.3067617, -8.424185, -2.834095, -10.553265, -0.651775, -1.0171165, -7.3141007, -3.9872112, -12.602741, 1.0127888, -0.651775, 24.829266, 3.7291331, 31.995436, 3.6532607, 13.496256, 0, 0, 0, 0)
shader_parameter/stars_color = PackedVector3Array(0.9196297, 0.25485146, 1.92523e-07, 0.24118897, 0.2929656, 1, 0.13692334, 0.5227604, 4.813075e-07, 0.7621092, 0.26604587, 0.6329997, -1, -1, -1, 1, 0, 0, 0.95807534, 0.63139933, 1.1551381e-06, -1, -1, -1, 0.13692334, 0.5227604, 4.813075e-07, 0.95807534, 0.63139933, 1.1551381e-06, 0, 0, 0, 0, 0, 0)
shader_parameter/stars_ani = PackedInt32Array(0, 0, 0, 0, 1, 0, 1, 1, 0, 1, 0, 0)

[node name="Main" type="Node3D" unique_id=289798224]
script = ExtResource("1_52x1o")

[node name="LevelEnd" type="Node" parent="." unique_id=1053667887]
script = ExtResource("2_iincs")
menu = ExtResource("3_nk1il")

[node name="star5" type="MeshInstance3D" parent="." unique_id=752513250]
transform = Transform3D(0.07329019, 0, -0.2909701, 0, 0.3, 0, 0.2909701, 0, 0.07329019, -0.651775, 0, -1.0171165)
mesh = SubResource("SphereMesh_7dm0k")
script = ExtResource("1_jglls")
color = Color(1, 1, 1, 1)
flag = 6
rad = 1.0
anim = true
freq_profile = SubResource("CurveTexture_h2yge")
rot = 0.1
neg = true

[node name="star_f" type="MeshInstance3D" parent="star5" unique_id=1891473443]
transform = Transform3D(0.9512109, 0, 0.30897385, 0, 0.9999998, 0, -0.30897385, 0, 0.9512109, -20.715414, 0, -18.822462)
mesh = SubResource("SphereMesh_7dm0k")
script = ExtResource("1_jglls")
color = Color(0.13692334, 0.5227604, 4.813075e-07, 1)
rad = 2.005
freq_profile = SubResource("CurveTexture_h2yge")
rot = 0.085
pause = false

[node name="Planet" parent="star5/star_f" unique_id=1534775064 instance=ExtResource("6_q47le")]
transform = Transform3D(7.144947, 0, 5.541434, 0, 9.043, 0, -5.541434, 0, 7.144947, 9.014397, 0, 12.106629)
rad = 2.99
rot = 0.065

[node name="star2" type="MeshInstance3D" parent="star5" unique_id=1066390521]
transform = Transform3D(0.4733383, 0, -0.88085145, 0, 0.99999994, 0, 0.88085145, 0, 0.4733383, 15.154943, 0, 19.673292)
mesh = SubResource("SphereMesh_7dm0k")
surface_material_override/0 = SubResource("StandardMaterial3D_0xm2m")
script = ExtResource("1_jglls")
color = Color(0.24118897, 0.2929656, 1, 1)
flag = 1
rot = 0.165
pause = false

[node name="Planet2" parent="star5/star2" unique_id=1096460178 instance=ExtResource("6_q47le")]
transform = Transform3D(7.290221, 0, -5.3522887, 0, 9.042999, 0, 5.3522887, 0, 7.290221, 9.070602, 0, -12.354846)
rad = 2.99
rot = 0.065

[node name="Planet3" parent="star5/star2" unique_id=291853374 instance=ExtResource("6_q47le")]
transform = Transform3D(4.2512755, 0, -3.1211748, 0, 5.273, 0, 3.1211748, 0, 4.2512755, -0.2909994, 0, 14.928317)
rad = 2.99
rot = 0.065

[node name="star3" type="MeshInstance3D" parent="star5" unique_id=1862060780]
transform = Transform3D(-0.8158686, 0, 0.5774948, 0, 0.9999998, 0, -0.5774948, 0, -0.8158686, 22.406221, 0, 4.4194813)
mesh = SubResource("SphereMesh_7dm0k")
script = ExtResource("1_jglls")
color = Color(0.9196297, 0.25485146, 1.92523e-07, 1)
flag = 2
rot = -0.185
pause = false

[node name="Planet4" parent="star5/star3" unique_id=1852146633 instance=ExtResource("6_q47le")]
transform = Transform3D(-4.1421785, 0, 6.116382, 0, 7.383, 0, -6.116382, 0, -4.1421785, 9.253, 0, -6.2663817)
rad = 2.99
rot = 0.065

[node name="star4" type="MeshInstance3D" parent="star5" unique_id=765289077]
transform = Transform3D(-0.11670499, 0, -0.9930563, 0, 0.99999994, 0, 0.9930563, 0, -0.11670499, -32.594826, 0, -0.7099037)
mesh = SubResource("SphereMesh_7dm0k")
script = ExtResource("1_jglls")
color = Color(0.7621092, 0.26604587, 0.6329997, 1)
flag = 3
rot = -0.34
pause = false

[node name="Planet4" parent="star5/star4" unique_id=1405766068 instance=ExtResource("6_q47le")]
transform = Transform3D(-6.6469994, 0, 9.815025, 0, 11.848, 0, -9.815025, 0, -6.6469994, -10.872459, 0, 7.363122)
rad = 2.99
rot = 0.065

[node name="star5" type="MeshInstance3D" parent="star5" unique_id=566852442]
transform = Transform3D(0.060502544, 0, -0.99806005, 0, 0.99999976, 0, 0.99806005, 0, 0.060502544, -15.021837, 0, 19.11321)
mesh = SubResource("SphereMesh_7dm0k")
script = ExtResource("1_jglls")
color = Color(1, 0, 0, 1)
flag = 4
rot = -0.07
pause = false

[node name="Planet4" parent="star5/star5" unique_id=1256205746 instance=ExtResource("6_q47le")]
transform = Transform3D(-4.1421785, 0, 6.116382, 0, 7.383, 0, -6.116382, 0, -4.1421785, 9.253, 0, -6.2663817)
rad = 2.99
rot = 0.065

[node name="star6" type="MeshInstance3D" parent="star5" unique_id=1373520543]
transform = Transform3D(0.9033208, 0, -0.4286872, 0, 0.99999976, 0, 0.4286872, 0, 0.9033208, -3.1681757, 0, 40.274826)
mesh = SubResource("SphereMesh_7dm0k")
script = ExtResource("1_jglls")
color = Color(0.95807534, 0.63139933, 1.1551381e-06, 1)
flag = 5
anim = true
rot = -0.25
pause = false

[node name="Planet4" parent="star5/star6" unique_id=574801345 instance=ExtResource("6_q47le")]
transform = Transform3D(-4.1421785, 0, 6.116382, 0, 7.383, 0, -6.116382, 0, -4.1421785, 8.307045, 0, -5.6257553)
rad = 2.99
rot = 0.065

[node name="star6" type="MeshInstance3D" parent="." unique_id=657441473]
transform = Transform3D(-0.28801814, 0, 0.08423483, 0, 0.3, 0, -0.08423483, 0, -0.28801814, -0.651775, 0, 24.829266)
mesh = SubResource("SphereMesh_7dm0k")
script = ExtResource("1_jglls")
color = Color(1, 1, 1, 1)
flag = 6
rad = 1.0
anim = true
freq_profile = SubResource("CurveTexture_h2yge")
rot = 0.1
pause = false
neg = true

[node name="star_f" type="MeshInstance3D" parent="star6" unique_id=1187860289]
transform = Transform3D(-0.995389, 0, 0.09814362, 0, 0.9999998, 0, -0.09814362, 0, -0.995389, -20.715414, 0, -18.822462)
mesh = SubResource("SphereMesh_7dm0k")
script = ExtResource("1_jglls")
color = Color(0.13692334, 0.5227604, 4.813075e-07, 1)
rad = 1.0
freq_profile = SubResource("CurveTexture_h2yge")
rot = 2.5

[node name="planet3" type="MeshInstance3D" parent="star6/star_f" unique_id=186412675]
transform = Transform3D(-2.6060572, 0, -2.0785065, 0, 3.3333325, 0, 2.0785065, 0, -2.6060572, 1.2704945, 0, 2.4257987)
mesh = SubResource("SphereMesh_7dm0k")
surface_material_override/0 = SubResource("StandardMaterial3D_h2yge")

[node name="cristal" parent="star6/star_f/planet3" unique_id=786506537 instance=ExtResource("2_e6b4q")]
transform = Transform3D(-0.070359685, 0, 0.056116596, 0, 0.09000003, 0, -0.056116596, 0, -0.070359685, 0.050939083, 0, 1.0288982)

[node name="StaticBody3D" type="StaticBody3D" parent="star6/star_f/planet3" unique_id=751826178]

[node name="CollisionShape3D" type="CollisionShape3D" parent="star6/star_f/planet3/StaticBody3D" unique_id=1517732307]
shape = SubResource("SphereShape3D_iincs")

[node name="star6" type="MeshInstance3D" parent="star6" unique_id=1255127726]
transform = Transform3D(0.014255017, 0, -0.99988943, 0, 0.99999976, 0, 0.99988943, 0, 0.014255017, -3.1681757, 0, 40.274826)
mesh = SubResource("SphereMesh_7dm0k")
script = ExtResource("1_jglls")
color = Color(0.95807534, 0.63139933, 1.1551381e-06, 1)
flag = 5
anim = true
rot = -1.0

[node name="planet" type="MeshInstance3D" parent="star6/star6" unique_id=1397438062]
transform = Transform3D(3.333333, 0, 0, 0, 3.333333, 0, 0, 0, 3.333333, 7.889954, 0, -1.3240018)
mesh = SubResource("SphereMesh_7dm0k")
surface_material_override/0 = SubResource("StandardMaterial3D_h2yge")

[node name="StaticBody3D8" type="StaticBody3D" parent="star6/star6/planet" unique_id=1670571394]
transform = Transform3D(-0.53193, 0, 0.8470863, 0, 0.99999994, 0, -0.8470863, 0, -0.53193, 0, 0, 0)

[node name="CollisionShape3D" type="CollisionShape3D" parent="star6/star6/planet/StaticBody3D8" unique_id=901595126]
shape = SubResource("SphereShape3D_iincs")

[node name="planet2" type="MeshInstance3D" parent="star6/star6" unique_id=2080428818]
transform = Transform3D(-0.97782123, 0, 3.1866837, 0, 3.3333328, 0, -3.1866837, 0, -0.97782123, 1.2412391, 0, 7.575736)
mesh = SubResource("SphereMesh_7dm0k")
surface_material_override/0 = SubResource("StandardMaterial3D_h2yge")

[node name="cristal" parent="star6/star6/planet2" unique_id=1022857709 instance=ExtResource("2_e6b4q")]
transform = Transform3D(-0.07035967, 0, 0.056116585, 0, 0.090000026, 0, -0.056116585, 0, -0.07035967, 0.82098484, 0, 1.4172401)

[node name="StaticBody3D9" type="StaticBody3D" parent="star6/star6/planet2" unique_id=1930469158]
transform = Transform3D(0.9658606, 0, 0.26003867, 0, 1, 0, -0.26003867, 0, 0.9658606, 0, 0, 0)

[node name="CollisionShape3D" type="CollisionShape3D" parent="star6/star6/planet2/StaticBody3D9" unique_id=467316505]
shape = SubResource("SphereShape3D_iincs")

[node name="Space_BG" type="MeshInstance3D" parent="." unique_id=1451238334 node_paths=PackedStringArray("input_stars")]
transform = Transform3D(100, 0, 0, 0, 100, 0, 0, 0, 100, 0, 0, 0)
mesh = SubResource("PlaneMesh_ig7tw")
surface_material_override/0 = SubResource("ShaderMaterial_h2yge")
script = ExtResource("3_7a20f")
input_stars = [NodePath("../star5/star3"), NodePath("../star5/star2"), NodePath("../star5/star_f"), NodePath("../star5/star4"), NodePath("../star5"), NodePath("../star5/star5"), NodePath("../star5/star6"), NodePath("../star6"), NodePath("../star6/star_f"), NodePath("../star6/star6")]

[node name="Base" parent="." unique_id=1098030614 instance=ExtResource("7_d6qko")]
transform = Transform3D(1, 0, 0, 0, 1, 0, 0, 0, 1, -0.9371481, -0.08077848, -3.141234)
is_allay = true

[node name="Base2" parent="." unique_id=1424587177 instance=ExtResource("7_d6qko")]
transform = Transform3D(1, 0, 0, 0, 1, 0, 0, 0, 1, -0.9371481, -0.08077848, 22.076908)

[node name="EnemyRespawn" type="Node3D" parent="Base2" unique_id=2054981514]
script = ExtResource("8_i5g78")

[node name="BaseEnemyShip" parent="." unique_id=1525440035 instance=ExtResource("11_1teg4")]
transform = Transform3D(0.23548143, 0, 0.9718788, 0, 1, 0, -0.9718788, 0, 0.23548143, 6.680936, 0, 17.553808)
max_health = 30

[node name="BaseEnemyShip2" parent="." unique_id=990744461 instance=ExtResource("11_1teg4")]
transform = Transform3D(0.23548143, 0, 0.9718788, 0, 1, 0, -0.9718788, 0, 0.23548143, 6.680936, 0, 20.343193)
max_health = 30

[node name="BaseEnemyShip3" parent="." unique_id=68656204 instance=ExtResource("11_1teg4")]
transform = Transform3D(0.23548143, 0, 0.9718788, 0, 1, 0, -0.9718788, 0, 0.23548143, 6.680936, 0, 14.975929)
max_health = 30

[node name="BaseEnemyShip4" parent="." unique_id=1716466935 instance=ExtResource("11_1teg4")]
transform = Transform3D(0.23548143, 0, 0.9718788, 0, 1, 0, -0.9718788, 0, 0.23548143, 6.680936, 0, 8.553808)
max_health = 30

[node name="BaseEnemyShip5" parent="." unique_id=572426146 instance=ExtResource("11_1teg4")]
transform = Transform3D(0.23548143, 0, 0.9718788, 0, 1, 0, -0.9718788, 0, 0.23548143, 6.680936, 0, 11.343193)
max_health = 30

[node name="BaseEnemyShip6" parent="." unique_id=270832613 instance=ExtResource("11_1teg4")]
transform = Transform3D(0.23548143, 0, 0.9718788, 0, 1, 0, -0.9718788, 0, 0.23548143, 6.680936, 0, 5.9759293)
max_health = 30

[node name="BaseEnemyShip7" parent="." unique_id=534632788 instance=ExtResource("11_1teg4")]
transform = Transform3D(0.23548143, 0, 0.9718788, 0, 1, 0, -0.9718788, 0, 0.23548143, 10.641317, 0, -0.4461918)
max_health = 30

[node name="BaseEnemyShip8" parent="." unique_id=1701762162 instance=ExtResource("11_1teg4")]
transform = Transform3D(0.23548143, 0, 0.9718788, 0, 1, 0, -0.9718788, 0, 0.23548143, 10.641317, 0, 2.343193)
max_health = 30

[node name="BaseEnemyShip9" parent="." unique_id=1254339928 instance=ExtResource("11_1teg4")]
transform = Transform3D(0.23548143, 0, 0.9718788, 0, 1, 0, -0.9718788, 0, 0.23548143, 10.641317, 0, -3.0240707)
max_health = 30

[node name="star7" type="MeshInstance3D" parent="." unique_id=1644905426]
transform = Transform3D(0.07329019, 0, -0.2909701, 0, 0.3, 0, 0.2909701, 0, 0.07329019, 4.4284444, 0, -1.0171165)
mesh = SubResource("SphereMesh_7dm0k")
script = ExtResource("1_jglls")
color = Color(1, 1, 1, 1)
flag = 6
rad = 1.0
anim = true
freq_profile = SubResource("CurveTexture_h2yge")
rot = 2.0
neg = true

[node name="cristal" parent="star7" unique_id=599004292 instance=ExtResource("8_wqlfs")]
transform = Transform3D(0.24420553, 0, 0.9695228, 0, 0.99999994, 0, -0.9695228, 0, 0.24420553, 1.907387, 0.045204952, 3.3167233)

[node name="cristal2" parent="star7" unique_id=1181513035 instance=ExtResource("8_wqlfs")]
transform = Transform3D(0.24420553, 0, 0.9695228, 0, 0.99999994, 0, -0.9695228, 0, 0.24420553, 0.93627167, 0.045204952, 7.172158)

[node name="cristal3" parent="star7" unique_id=686372781 instance=ExtResource("9_py82k")]
transform = Transform3D(0.24420553, 0, 0.9695228, 0, 0.99999994, 0, -0.9695228, 0, 0.24420553, 4.1481986, 0.21605967, 8.135822)

[node name="cristal4" parent="star7" unique_id=1646615569 instance=ExtResource("10_py82k")]
transform = Transform3D(0.24420553, 0, 0.9695228, 0, 0.99999994, 0, -0.9695228, 0, 0.24420553, 4.5598955, 0.0813653, -6.9961495)
