[gd_scene format=3 uid="uid://c446u8dav2dnv"]

[ext_resource type="Script" uid="uid://dpeoqhvxehnv7" path="res://Level/level.gd" id="1_52x1o"]
[ext_resource type="Script" uid="uid://c0bq257vib83j" path="res://Level/star.gd" id="1_jglls"]
[ext_resource type="Script" uid="uid://8pks5lg5crwq" path="res://Level/level_end.gd" id="2_iincs"]
[ext_resource type="Script" uid="uid://dm1nvh7d4k27x" path="res://Level/space_bg.gd" id="3_7a20f"]
[ext_resource type="PackedScene" uid="uid://bao2jybtf0idi" path="res://MainMenu/win.tscn" id="3_nk1il"]
[ext_resource type="PackedScene" uid="uid://duir75lrj04fx" path="res://Level/stars/star_orange.tscn" id="6_luomk"]
[ext_resource type="PackedScene" uid="uid://c6mo1qdt786aw" path="res://Objects/Planet/planet.tscn" id="6_q47le"]
[ext_resource type="PackedScene" uid="uid://ct8vgrqe7wsng" path="res://Level/stars/star_green.tscn" id="6_uqeto"]
[ext_resource type="PackedScene" uid="uid://cmcwrxxhrlkj3" path="res://Objects/Base/Base.tscn" id="7_d6qko"]
[ext_resource type="PackedScene" uid="uid://l7q61qhof7j7" path="res://Level/stars/star_pink.tscn" id="7_l5n2q"]
[ext_resource type="PackedScene" uid="uid://b0djlce41mujl" path="res://Level/stars/star_blue.tscn" id="7_luomk"]
[ext_resource type="PackedScene" uid="uid://bl0rcrn70awui" path="res://Level/stars/star_red.tscn" id="8_cv6tn"]
[ext_resource type="Script" uid="uid://c4pkp6t5soa0b" path="res://Level/enemy_respawn.gd" id="8_i5g78"]
[ext_resource type="Script" uid="uid://cm2brwbb0ogq1" path="res://Level/player_respawn.gd" id="8_q47le"]
[ext_resource type="PackedScene" uid="uid://wlwqk6cwxjmn" path="res://Objects/Crystal/CristalTypes/cristal_lua.tscn" id="8_wqlfs"]
[ext_resource type="PackedScene" uid="uid://ecwyog1knkrq" path="res://Level/stars/star_yellow.tscn" id="9_jghi6"]
[ext_resource type="PackedScene" uid="uid://b1n61jmdup3bb" path="res://Objects/Crystal/CristalTypes/cristal_pas.tscn" id="9_py82k"]
[ext_resource type="PackedScene" uid="uid://bclhb4dyt4q6o" path="res://Ship/EnemyShip/base_enemy_ship.tscn" id="11_1teg4"]
[ext_resource type="PackedScene" uid="uid://m5rpmfcrugdv" path="res://Level/stars/star_white.tscn" id="19_am3y4"]

[sub_resource type="PlaneMesh" id="PlaneMesh_ig7tw"]

[sub_resource type="Shader" id="Shader_0xm2m"]
code = "shader_type spatial;
render_mode blend_mix, depth_draw_opaque, cull_back, diffuse_burley, specular_schlick_ggx, unshaded;

uniform vec4 albedo : source_color;
uniform float scale=100.0;
uniform vec2 stars[40];
uniform vec3 stars_color[40];
uniform int stars_ani[40];
void vertex() {
}

void fragment() {
	vec2 pos = (UV-vec2(0.5,0.5))*scale*2.0;
	ALBEDO = albedo.rgb;
	float far_l=0.0;
	for(int id=0;id<40;id++){
		vec2 star=stars[id];
		float dist=length(pos-star);
		if(dist<3.0){
			if (stars_ani[id]==0){
				float l=(3.0-dist)/3.0;
				float f=(0.8+0.2*sin(TIME+l*10.0));
				ALBEDO += l*stars_color[id]*f;
				
			}
			else{
				float l=(3.0-dist)/3.0;
				float f=(0.5+0.5*sin(TIME+l*10.0))*(0.5+0.5*sin(TIME*0.4));
				ALBEDO += l*stars_color[id]*f*f*2.0;
			}
			
		}
		far_l+=1.0/(1.0+dist*dist);
	}
	ALBEDO += vec3(1.0+0.1*sin(pos.x),1.0+0.1*sin(pos.y),1.0)*min(far_l,0.1)*1.3;
	
}
"

[sub_resource type="ShaderMaterial" id="ShaderMaterial_h2yge"]
render_priority = 0
shader = SubResource("Shader_0xm2m")
shader_parameter/albedo = Color(0.08627451, 0.08627451, 0.11372549, 1)
shader_parameter/scale = 100.0
shader_parameter/stars = PackedVector2Array(-17.21213, -33.044838, -13.253593, -40.451904, -23.999899, -30.851269, -9.227491, -30.851267, 21.069706, 29.840515, 15.655081, 36.26052, 28.165508, 29.108986, 13.71715, 26.031828, 13.868187, -33.897556, 17.826723, -41.304623, 9.254557, -28.046062, 21.670328, -29.850883, -22.255585, 27.458136, -27.832685, 33.737514, -16.404312, 22.844227, -28.898579, 21.703175, -0.16682053, -19.334866, -0.1668205, -13.764198, -0.03417319, -24.563635, -0.16682053, 20.881256, -0.16682053, 26.74788, 0.8192667, 11.01128, -0.16682053, -0.13560104, 9.275375, 1.4901161e-08, -12.231599, 2.9802322e-08, 3.4787562, -4.7252445, -3.0099761, -4.725245, -3.0099764, 3.355079, 4.640472, 3.355079, 19.245712, -1.0171165, -22.649605, -1.0171165, 0.5121054, -41.916565, 0.5121054, -50.14902, 0.5121054, 39.569016, 0.5121054, 48.100403, -10.629882, 38.237457, -15.865326, 38.237457, -13.110642, 32.36217, 0, 0, 0, 0)
shader_parameter/stars_color = PackedVector3Array(-1, -1, -1, 0.13692334, 0.5227604, 4.813075e-07, 0.9196297, 0.25485146, 1.92523e-07, 0.9196297, 0.25485146, 1.92523e-07, -1, -1, -1, 0.13692334, 0.5227604, 4.813075e-07, 0.9196297, 0.25485146, 1.92523e-07, 0.9196297, 0.25485146, 1.92523e-07, -1, -1, -1, 0.13692334, 0.5227604, 4.813075e-07, 0.24118897, 0.2929656, 1, 0.24118897, 0.2929656, 1, -1, -1, -1, 0.13692334, 0.5227604, 4.813075e-07, 0.24118897, 0.2929656, 1, 0.24118897, 0.2929656, 1, -1, -1, -1, 0.95807534, 0.63139933, 1.1551381e-06, 0.13692334, 0.5227604, 4.813075e-07, -1, -1, -1, 0.95807534, 0.63139933, 1.1551381e-06, 0.13692334, 0.5227604, 4.813075e-07, -1, -1, -1, 0.7621092, 0.26604587, 0.6329997, 0.7621092, 0.26604587, 0.6329997, 1, 0, 0, 1, 0, 0, 1, 0, 0, 1, 0, 0, -1, -1, -1, -1, -1, -1, 0.07683582, 0.07683582, 0.07683582, 0.07683582, 0.07683582, 0.07683582, 0, 0, 0, 0, 0, 0, 0, 0, 0, 0, 0, 0, 0.04755771, 0.047557622, 0.047557674, 0, 0, 0, 0, 0, 0)
shader_parameter/stars_ani = PackedInt32Array(1, 0, 0, 0, 1, 0, 0, 0, 1, 0, 0, 0, 1, 0, 0, 0, 1, 1, 0, 1, 1, 0, 1, 0, 0, 0, 0, 0, 0, 1, 1, 0, 0, 0, 0, 0, 0, 0, 0, 0)

[sub_resource type="SphereMesh" id="SphereMesh_7dm0k"]

[sub_resource type="Curve" id="Curve_0xm2m"]
_data = [Vector2(0.2021605, 0.98771554), 0.0, 0.0, 0, 0, Vector2(0.50271004, 0.15240419), 0.0, 0.0, 0, 0, Vector2(0.8657407, 1), 0.0, 0.0, 0, 0]
point_count = 3

[sub_resource type="CurveTexture" id="CurveTexture_h2yge"]
texture_mode = 1
curve = SubResource("Curve_0xm2m")

[sub_resource type="StandardMaterial3D" id="StandardMaterial3D_0xm2m"]
shading_mode = 0
albedo_color = Color(0.31398752, 0.70897424, 0.6122957, 1)

[node name="Level" type="Node3D" unique_id=289798224 node_paths=PackedStringArray("player_base", "enemy_base")]
script = ExtResource("1_52x1o")
player_base = NodePath("PlayerBase")
enemy_base = NodePath("EnemyBase")

[node name="LevelEnd" type="Node" parent="." unique_id=1053667887]
script = ExtResource("2_iincs")
menu = ExtResource("3_nk1il")

[node name="Space_BG" type="MeshInstance3D" parent="." unique_id=1451238334 node_paths=PackedStringArray("input_stars")]
transform = Transform3D(100, 0, 0, 0, 100, 0, 0, 0, 100, 0.148, -6.5600924, -0.1)
mesh = SubResource("PlaneMesh_ig7tw")
surface_material_override/0 = SubResource("ShaderMaterial_h2yge")
script = ExtResource("3_7a20f")
input_stars = [NodePath("../star_FR"), NodePath("../star_FR/star_f"), NodePath("../star_FR/star_orange"), NodePath("../star_FR/star_orange2"), NodePath("../star_FR2"), NodePath("../star_FR2/star_f"), NodePath("../star_FR2/star_orange"), NodePath("../star_FR2/star_orange2"), NodePath("../star_FL"), NodePath("../star_FL/star_green"), NodePath("../star_FL/star_blue"), NodePath("../star_FL/star3"), NodePath("../star_FL2"), NodePath("../star_FL2/star_green"), NodePath("../star_FL2/star_blue"), NodePath("../star_FL2/star3"), NodePath("../starMID_F"), NodePath("../starMID_F/star_yellow2"), NodePath("../starMID_F/star_green"), NodePath("../starMID_F2"), NodePath("../starMID_F2/star_yellow"), NodePath("../starMID_F2/star_green"), NodePath("../starMID_F3"), NodePath("../starMID_F3/star_pink"), NodePath("../starMID_F3/star_pink2"), NodePath("../starMID_F3/star_red"), NodePath("../starMID_F3/star_red2"), NodePath("../starMID_F3/star_red3"), NodePath("../starMID_F3/star_red4"), NodePath("../star7"), NodePath("../star8"), NodePath("../star_white"), NodePath("../star_white2"), NodePath("../star_white3"), NodePath("../star_white4"), NodePath("../star_white5"), NodePath("../star_white7"), NodePath("../star_white6")]

[node name="star_FR" type="MeshInstance3D" parent="." unique_id=621283269 groups=["Star"]]
transform = Transform3D(0.07329019, 0, -0.2909701, 0, 0.3, 0, 0.2909701, 0, 0.07329019, -17.21213, 0, -33.044838)
mesh = SubResource("SphereMesh_7dm0k")
script = ExtResource("1_jglls")
color = Color(1, 1, 1, 1)
flag = 6
rad = 1.0
anim = true
freq_profile = SubResource("CurveTexture_h2yge")
rot = 0.1
neg = true

[node name="star_f" type="MeshInstance3D" parent="star_FR" unique_id=415690745 groups=["Star"]]
transform = Transform3D(0.21159966, 0, -0.9771183, 0, 0.9999998, 0, 0.9771183, 0, 0.21159966, -20.715414, 0, -18.822462)
mesh = SubResource("SphereMesh_7dm0k")
script = ExtResource("1_jglls")
color = Color(0.13692334, 0.5227604, 4.813075e-07, 1)
rad = 2.005
freq_profile = SubResource("CurveTexture_h2yge")
rot = 0.085
pause = false

[node name="Planet" parent="star_FR/star_f" unique_id=230016862 instance=ExtResource("6_q47le")]
transform = Transform3D(7.144947, 0, 5.541434, 0, 9.043, 0, -5.541434, 0, 7.144947, 9.014397, 0, 12.106629)
rad = 2.99
rot = 0.065

[node name="star_orange" parent="star_FR" unique_id=687839587 instance=ExtResource("6_luomk")]
transform = Transform3D(0.6370713, 0, -0.76951015, 0, 0.99999976, 0, 0.76951015, 0, 0.6370713, 1.5636826, 0, 23.72193)

[node name="star_orange2" parent="star_FR" unique_id=313257437 instance=ExtResource("6_luomk")]
transform = Transform3D(0.90562075, 0, -0.42169607, 0, 0.99999976, 0, 0.42169607, 0, 0.90562075, 13.588699, 0, -24.018686)

[node name="cristal" parent="star_FR" unique_id=1058605122 instance=ExtResource("9_py82k")]
transform = Transform3D(0.8140183, 0, 3.231742, 0, 3.333333, 0, -3.231742, 0, 0.8140183, 12.7237015, 0.5512873, 28.397894)

[node name="star_FR2" type="MeshInstance3D" parent="." unique_id=1135482984 groups=["Star"]]
transform = Transform3D(-0.011072174, 0, 0.299854, 0, 0.29999998, 0, -0.299854, 0, -0.011072174, 21.069706, 0, 29.840515)
mesh = SubResource("SphereMesh_7dm0k")
script = ExtResource("1_jglls")
color = Color(1, 1, 1, 1)
flag = 6
rad = 1.0
anim = true
freq_profile = SubResource("CurveTexture_h2yge")
rot = 0.1
neg = true

[node name="star_f" type="MeshInstance3D" parent="star_FR2" unique_id=1118624179 groups=["Star"]]
transform = Transform3D(0.21159966, 0, -0.9771183, 0, 0.9999998, 0, 0.9771183, 0, 0.21159966, -20.715414, 0, -18.822462)
mesh = SubResource("SphereMesh_7dm0k")
script = ExtResource("1_jglls")
color = Color(0.13692334, 0.5227604, 4.813075e-07, 1)
rad = 2.005
freq_profile = SubResource("CurveTexture_h2yge")
rot = 0.085
pause = false

[node name="Planet" parent="star_FR2/star_f" unique_id=1090236881 instance=ExtResource("6_q47le")]
transform = Transform3D(7.144947, 0, 5.541434, 0, 9.043, 0, -5.541434, 0, 7.144947, 9.014397, 0, 12.106629)
rad = 2.99
rot = 0.065

[node name="star_orange" parent="star_FR2" unique_id=194893723 instance=ExtResource("6_luomk")]
transform = Transform3D(0.6370713, 0, -0.76951015, 0, 0.99999976, 0, 0.76951015, 0, 0.6370713, 1.5636826, 0, 23.72193)

[node name="star_orange2" parent="star_FR2" unique_id=1300598705 instance=ExtResource("6_luomk")]
transform = Transform3D(0.90562075, 0, -0.42169607, 0, 0.99999976, 0, 0.42169607, 0, 0.90562075, 13.588699, 0, -24.018686)

[node name="star_FL" type="MeshInstance3D" parent="." unique_id=1229126835 groups=["Star"]]
transform = Transform3D(0.07329019, 0, -0.2909701, 0, 0.3, 0, 0.2909701, 0, 0.07329019, 13.868187, 0, -33.897556)
mesh = SubResource("SphereMesh_7dm0k")
script = ExtResource("1_jglls")
color = Color(1, 1, 1, 1)
flag = 6
rad = 1.0
anim = true
freq_profile = SubResource("CurveTexture_h2yge")
rot = 0.1
neg = true

[node name="star_green" parent="star_FL" unique_id=35454859 instance=ExtResource("6_uqeto")]
transform = Transform3D(0.21159966, 0, -0.9771183, 0, 0.9999998, 0, 0.9771183, 0, 0.21159966, -20.715414, 0, -18.822462)

[node name="star_blue" parent="star_FL" unique_id=2068162764 instance=ExtResource("7_luomk")]
transform = Transform3D(0.9675004, 0, -0.25430095, 0, 0.99999994, 0, 0.25430095, 0, 0.9675004, 15.154943, 0, 19.673292)

[node name="star3" type="MeshInstance3D" parent="star_FL" unique_id=1965202852 groups=["Star"]]
transform = Transform3D(0.82760584, 0, -0.56193256, 0, 0.99999976, 0, 0.56193256, 0, 0.82760584, 19.428894, 0, -21.920444)
mesh = SubResource("SphereMesh_7dm0k")
surface_material_override/0 = SubResource("StandardMaterial3D_0xm2m")
script = ExtResource("1_jglls")
color = Color(0.24118897, 0.2929656, 1, 1)
flag = 1
rot = 0.165
pause = false

[node name="Planet2" parent="star_FL/star3" unique_id=1476208312 instance=ExtResource("6_q47le")]
transform = Transform3D(7.290221, 0, -5.3522887, 0, 9.042999, 0, 5.3522887, 0, 7.290221, 9.070602, 0, -12.354846)
rad = 2.99
rot = 0.065

[node name="Planet3" parent="star_FL/star3" unique_id=1709708006 instance=ExtResource("6_q47le")]
transform = Transform3D(4.2512755, 0, -3.1211748, 0, 5.273, 0, 3.1211748, 0, 4.2512755, -0.2909994, 0, 14.928317)
rad = 2.99
rot = 0.065

[node name="star_FL2" type="MeshInstance3D" parent="." unique_id=1239062937 groups=["Star"]]
transform = Transform3D(-0.0033971593, 0, 0.3000391, 0, 0.3, 0, -0.3000391, 0, -0.0033971593, -22.255585, 0, 27.458136)
mesh = SubResource("SphereMesh_7dm0k")
script = ExtResource("1_jglls")
color = Color(1, 1, 1, 1)
flag = 6
rad = 1.0
anim = true
freq_profile = SubResource("CurveTexture_h2yge")
rot = 0.1
neg = true

[node name="star_green" parent="star_FL2" unique_id=677987566 instance=ExtResource("6_uqeto")]
transform = Transform3D(0.21159966, 0, -0.9771183, 0, 0.9999998, 0, 0.9771183, 0, 0.21159966, -20.715414, 0, -18.822462)

[node name="star_blue" parent="star_FL2" unique_id=1318786042 instance=ExtResource("7_luomk")]
transform = Transform3D(0.9675004, 0, -0.25430095, 0, 0.99999994, 0, 0.25430095, 0, 0.9675004, 15.154943, 0, 19.673292)

[node name="star3" type="MeshInstance3D" parent="star_FL2" unique_id=1390879984 groups=["Star"]]
transform = Transform3D(0.82760584, 0, -0.56193256, 0, 0.99999976, 0, 0.56193256, 0, 0.82760584, 19.428894, 0, -21.920444)
mesh = SubResource("SphereMesh_7dm0k")
surface_material_override/0 = SubResource("StandardMaterial3D_0xm2m")
script = ExtResource("1_jglls")
color = Color(0.24118897, 0.2929656, 1, 1)
flag = 1
rot = 0.165
pause = false

[node name="Planet2" parent="star_FL2/star3" unique_id=895876668 instance=ExtResource("6_q47le")]
transform = Transform3D(7.290221, 0, -5.3522887, 0, 9.042999, 0, 5.3522887, 0, 7.290221, 9.070602, 0, -12.354846)
rad = 2.99
rot = 0.065

[node name="Planet3" parent="star_FL2/star3" unique_id=1250999103 instance=ExtResource("6_q47le")]
transform = Transform3D(4.2512755, 0, -3.1211748, 0, 5.273, 0, 3.1211748, 0, 4.2512755, -0.2909994, 0, 14.928317)
rad = 2.99
rot = 0.065

[node name="cristal2" parent="star_FL2" unique_id=1460323720 instance=ExtResource("9_py82k")]
transform = Transform3D(-0.03773153, 0, -3.3324711, 0, 3.3333325, 0, 3.3324711, 0, -0.03773153, -24.676918, 0.5512873, -1.8235168)

[node name="starMID_F" type="MeshInstance3D" parent="." unique_id=115000814 groups=["Star"]]
transform = Transform3D(0.2994801, 0, 0.020713821, 0, 0.3, 0, -0.020713821, 0, 0.2994801, -0.16682053, 0, -19.334866)
mesh = SubResource("SphereMesh_7dm0k")
script = ExtResource("1_jglls")
color = Color(1, 1, 1, 1)
flag = 6
rad = 1.0
anim = true
freq_profile = SubResource("CurveTexture_h2yge")
rot = 0.1
neg = true

[node name="star_yellow2" parent="starMID_F" unique_id=1358298473 instance=ExtResource("9_jghi6")]
transform = Transform3D(-0.5112409, 0, 0.85839176, 0, 1, 0, -0.85839176, 0, -0.5112409, -1.2804388, 0, 18.512566)

[node name="star_green" parent="starMID_F" unique_id=1507610008 instance=ExtResource("6_uqeto")]
transform = Transform3D(0.9971692, 0, 0.072277226, 0, 1, 0, -0.072277226, 0, 0.9971692, 2.1732147, 0, -17.5532)

[node name="starMID_F2" type="MeshInstance3D" parent="." unique_id=1417271142 groups=["Star"]]
transform = Transform3D(0.30019447, 0, -0.00046803057, 0, 0.29999998, 0, 0.00046803057, 0, 0.30019447, -0.16682053, 0, 20.881256)
mesh = SubResource("SphereMesh_7dm0k")
script = ExtResource("1_jglls")
color = Color(1, 1, 1, 1)
flag = 6
rad = 1.0
anim = true
freq_profile = SubResource("CurveTexture_h2yge")
rot = 0.1
neg = true

[node name="star_yellow" parent="starMID_F2" unique_id=1718721205 instance=ExtResource("9_jghi6")]
transform = Transform3D(0.5039216, 0, 0.86270636, 0, 0.9999999, 0, -0.86270636, 0, 0.5039216, 0.030468851, 0, 19.542702)

[node name="star_green" parent="starMID_F2" unique_id=453900770 instance=ExtResource("6_uqeto")]
transform = Transform3D(0.9903788, 0, 0.13686496, 0, 0.9999999, 0, -0.13686496, 0, 0.9903788, 3.2335594, 0, -32.883648)

[node name="starMID_F3" type="MeshInstance3D" parent="." unique_id=172486574 groups=["Star"]]
transform = Transform3D(0.30019447, 0, -0.00046803057, 0, 0.29999998, 0, 0.00046803057, 0, 0.30019447, -0.16682053, 0, -0.13560104)
mesh = SubResource("SphereMesh_7dm0k")
script = ExtResource("1_jglls")
color = Color(1, 1, 1, 1)
flag = 6
rad = 1.0
anim = true
freq_profile = SubResource("CurveTexture_h2yge")
rot = 0.1
neg = true

[node name="star_pink" parent="starMID_F3" unique_id=747605801 instance=ExtResource("7_l5n2q")]
transform = Transform3D(-0.5386767, 0, 0.84307873, 0, 0.99999994, 0, -0.84307873, 0, -0.5386767, 31.454226, 0, 0.40267068)

[node name="star_pink2" parent="starMID_F3" unique_id=585161896 instance=ExtResource("7_l5n2q")]
transform = Transform3D(-0.85544604, 0, 0.51882076, 0, 0.99999994, 0, -0.51882076, 0, -0.85544604, -40.189075, 0, 0.5143692)

[node name="star_red" parent="starMID_F3" unique_id=261927623 instance=ExtResource("8_cv6tn")]
transform = Transform3D(-0.8785524, 0, -0.47822887, 0, 0.99999994, 0, 0.47822887, 0, -0.8785524, 12.120184, 0, -15.307797)

[node name="star_red2" parent="starMID_F3" unique_id=1491284656 instance=ExtResource("8_cv6tn")]
transform = Transform3D(-0.8513271, 0, -0.52514976, 0, 0.99999994, 0, 0.52514976, 0, -0.8513271, -9.49486, 0, -15.274097)

[node name="star_red3" parent="starMID_F3" unique_id=1700424049 instance=ExtResource("8_cv6tn")]
transform = Transform3D(-0.8279739, 0, -0.5612728, 0, 0.99999994, 0, 0.5612728, 0, -0.8279739, -9.452894, 0, 11.6428)

[node name="star_red4" parent="starMID_F3" unique_id=108957794 instance=ExtResource("8_cv6tn")]
transform = Transform3D(-0.7751668, 0, -0.6321981, 0, 0.99999994, 0, 0.6321981, 0, -0.7751668, 16.032019, 0, 11.603066)

[node name="Space_BG" type="MeshInstance3D" parent="." unique_id=1451238334 node_paths=PackedStringArray("input_stars")]
transform = Transform3D(100, 0, 0, 0, 100, 0, 0, 0, 100, 0.148, 0, -0.1)
mesh = SubResource("PlaneMesh_ig7tw")
surface_material_override/0 = SubResource("ShaderMaterial_h2yge")
script = ExtResource("3_7a20f")
input_stars = [NodePath("../star_FR"), NodePath("../star_FR/star_f"), NodePath("../star_FR/star_orange"), NodePath("../star_FR/star_orange2"), NodePath("../star_FR2"), NodePath("../star_FR2/star_f"), NodePath("../star_FR2/star_orange"), NodePath("../star_FR2/star_orange2"), NodePath("../star_FL"), NodePath("../star_FL/star_green"), NodePath("../star_FL/star_blue"), NodePath("../star_FL/star3"), NodePath("../star_FL2"), NodePath("../star_FL2/star_green"), NodePath("../star_FL2/star_blue"), NodePath("../star_FL2/star3"), NodePath("../starMID_F"), NodePath("../starMID_F/star_yellow2"), NodePath("../starMID_F/star_green"), NodePath("../starMID_F2"), NodePath("../starMID_F2/star_yellow"), NodePath("../starMID_F2/star_green"), NodePath("../starMID_F3"), NodePath("../starMID_F3/star_pink"), NodePath("../starMID_F3/star_pink2"), NodePath("../starMID_F3/star_red"), NodePath("../starMID_F3/star_red2"), NodePath("../starMID_F3/star_red3"), NodePath("../starMID_F3/star_red4"), NodePath("../star7"), NodePath("../star8")]

[node name="PlayerBase" parent="." unique_id=1098030614 instance=ExtResource("7_d6qko")]
transform = Transform3D(1, 0, 0, 0, 1, 0, 0, 0, 1, -0.9371481, -5.8755507, -54.701855)
is_allay = true

[node name="PlayerRespawn" type="Node3D" parent="PlayerBase" unique_id=17418823]
script = ExtResource("8_q47le")

[node name="EnemyBase" parent="." unique_id=1424587177 instance=ExtResource("7_d6qko")]
transform = Transform3D(-1, 0, 8.742278e-08, 0, 1, 0, -8.742278e-08, 0, -1, -0.9371497, -5.6602654, 51.964336)

[node name="EnemyRespawn" type="Node3D" parent="EnemyBase" unique_id=2054981514]
script = ExtResource("8_i5g78")

[node name="BaseEnemyShip" parent="." unique_id=1525440035 instance=ExtResource("11_1teg4")]
transform = Transform3D(0.23548143, 0, 0.9718788, 0, 1, 0, -0.9718788, 0, 0.23548143, 6.680936, 0, 17.553808)
max_health = 30

[node name="BaseEnemyShip2" parent="." unique_id=990744461 instance=ExtResource("11_1teg4")]
transform = Transform3D(0.23548143, 0, 0.9718788, 0, 1, 0, -0.9718788, 0, 0.23548143, 6.680936, 0, 20.343193)
max_health = 30

[node name="BaseEnemyShip3" parent="." unique_id=68656204 instance=ExtResource("11_1teg4")]
transform = Transform3D(0.23548143, 0, 0.9718788, 0, 1, 0, -0.9718788, 0, 0.23548143, 6.680936, 0, 14.975929)
max_health = 30

[node name="BaseEnemyShip4" parent="." unique_id=1716466935 instance=ExtResource("11_1teg4")]
transform = Transform3D(0.23548143, 0, 0.9718788, 0, 1, 0, -0.9718788, 0, 0.23548143, 6.680936, 0, 8.553808)
max_health = 30

[node name="BaseEnemyShip5" parent="." unique_id=572426146 instance=ExtResource("11_1teg4")]
transform = Transform3D(0.23548143, 0, 0.9718788, 0, 1, 0, -0.9718788, 0, 0.23548143, 6.680936, 0, 11.343193)
max_health = 30

[node name="BaseEnemyShip6" parent="." unique_id=270832613 instance=ExtResource("11_1teg4")]
transform = Transform3D(0.23548143, 0, 0.9718788, 0, 1, 0, -0.9718788, 0, 0.23548143, 6.680936, 0, 5.9759293)
max_health = 30

[node name="BaseEnemyShip7" parent="." unique_id=534632788 instance=ExtResource("11_1teg4")]
transform = Transform3D(0.23548143, 0, 0.9718788, 0, 1, 0, -0.9718788, 0, 0.23548143, 10.641317, 0, -0.4461918)
max_health = 30

[node name="BaseEnemyShip8" parent="." unique_id=1701762162 instance=ExtResource("11_1teg4")]
transform = Transform3D(0.23548143, 0, 0.9718788, 0, 1, 0, -0.9718788, 0, 0.23548143, 10.641317, 0, 2.343193)
max_health = 30

[node name="BaseEnemyShip9" parent="." unique_id=1254339928 instance=ExtResource("11_1teg4")]
transform = Transform3D(0.23548143, 0, 0.9718788, 0, 1, 0, -0.9718788, 0, 0.23548143, 10.641317, 0, -3.0240707)
max_health = 30

[node name="star7" type="MeshInstance3D" parent="." unique_id=1644905426 groups=["Star"]]
transform = Transform3D(0.07329019, 0, -0.2909701, 0, 0.3, 0, 0.2909701, 0, 0.07329019, 19.245712, 0, -1.0171165)
mesh = SubResource("SphereMesh_7dm0k")
script = ExtResource("1_jglls")
color = Color(1, 1, 1, 1)
flag = 6
rad = 1.0
anim = true
freq_profile = SubResource("CurveTexture_h2yge")
rot = 2.0
neg = true

[node name="cristal" parent="star7" unique_id=599004292 instance=ExtResource("8_wqlfs")]
transform = Transform3D(0.4885061, 0, 1.9394231, 0, 1.9999999, 0, -1.9394231, 0, 0.4885061, 6.6142607, 0.04520495, -15.370079)

[node name="cristal2" parent="star7" unique_id=1181513035 instance=ExtResource("8_wqlfs")]
transform = Transform3D(0.4885061, 0, 1.9394231, 0, 1.9999996, 0, -1.9394231, 0, 0.4885061, -0.2312746, 0.04520495, 11.807449)

[node name="star8" type="MeshInstance3D" parent="." unique_id=2125730177 groups=["Star"]]
transform = Transform3D(0.07329019, 0, -0.2909701, 0, 0.3, 0, 0.2909701, 0, 0.07329019, -22.649605, 0, -1.0171165)
mesh = SubResource("SphereMesh_7dm0k")
script = ExtResource("1_jglls")
color = Color(1, 1, 1, 1)
flag = 6
rad = 1.0
anim = true
freq_profile = SubResource("CurveTexture_h2yge")
rot = 2.0
neg = true

[node name="cristal3" parent="star8" unique_id=1392637555 instance=ExtResource("8_wqlfs")]
transform = Transform3D(0.4885061, 0, 1.9394231, 0, 1.9999995, 0, -1.9394231, 0, 0.4885061, 5.686455, 0.04520495, -11.686592)

[node name="cristal4" parent="star8" unique_id=1479447562 instance=ExtResource("8_wqlfs")]
transform = Transform3D(0.4885061, 0, 1.9394231, 0, 1.9999995, 0, -1.9394231, 0, 0.4885061, -1.1590843, 0.04520495, 15.490936)

[node name="SubViewport" type="SubViewport" parent="." unique_id=1902059578]
size = Vector2i(400, 400)

[node name="PlayerCamera" type="Camera3D" parent="SubViewport" unique_id=591022296]
transform = Transform3D(1, 0, 0, 0, -4.371139e-08, 1, 0, -1, -4.371139e-08, 0, 0.8273734, -0.66236496)
projection = 1
size = 145.42265

[node name="star_white" parent="." unique_id=1402379323 instance=ExtResource("19_am3y4")]
transform = Transform3D(1.0004423, 0, 0, 0, 0.99999994, 0, 0, 0, 1.0004423, 0.5121054, -9.536743e-07, -41.916565)
visible = false
color = Color(0.07683582, 0.07683582, 0.07683582, 0)
pause = true

[node name="star_white2" parent="." unique_id=1633897101 instance=ExtResource("19_am3y4")]
transform = Transform3D(1.0004423, 0, 0, 0, 0.99999994, 0, 0, 0, 1.0004423, 0.5121054, -9.536743e-07, -50.14902)
visible = false
color = Color(0.07683582, 0.07683582, 0.07683582, 0)
pause = true

[node name="star_white3" parent="." unique_id=94882166 instance=ExtResource("19_am3y4")]
transform = Transform3D(1.0004423, 0, 0, 0, 0.99999994, 0, 0, 0, 1.0004423, 0.5121054, -9.536743e-07, 39.569016)
visible = false
color = Color(0, 0, 0, 0)
pause = true

[node name="star_white4" parent="." unique_id=1457419750 instance=ExtResource("19_am3y4")]
transform = Transform3D(1.0004423, 0, 0, 0, 0.99999994, 0, 0, 0, 1.0004423, 0.5121054, -9.536743e-07, 48.100403)
visible = false
color = Color(0, 0, 0, 0)
pause = true

[node name="star_white5" parent="." unique_id=482931330 instance=ExtResource("19_am3y4")]
transform = Transform3D(1.0004423, 0, 0, 0, 0.99999994, 0, 0, 0, 1.0004423, -10.629882, -9.536743e-07, 38.237457)
visible = false
color = Color(0, 0, 0, 0)
pause = true

[node name="star_white7" parent="." unique_id=2013337680 instance=ExtResource("19_am3y4")]
transform = Transform3D(1.0004423, 0, 0, 0, 0.99999994, 0, 0, 0, 1.0004423, -15.865326, -9.536743e-07, 38.237457)
visible = false
color = Color(0, 0, 0, 0)
pause = true

[node name="star_white6" parent="." unique_id=375421426 instance=ExtResource("19_am3y4")]
transform = Transform3D(1.0004423, 0, 0, 0, 0.99999994, 0, 0, 0, 1.0004423, -13.110642, -9.536743e-07, 32.36217)
visible = false
color = Color(0.04755771, 0.047557622, 0.047557674, 0)
pause = true

[node name="DirectionalLight3D" type="DirectionalLight3D" parent="." unique_id=106501771]
transform = Transform3D(-0.74895567, -0.44851163, 0.48775277, 0, 0.7360971, 0.67687595, -0.6626201, 0.5069501, -0.5513041, 0, 0, 0)
